[ 1.9810e-01  3.7447e+00  1.0774e+00  2.9224e+00  3.6529e+00  7.6674e-01
 -3.3411e-01  3.0178e+00  5.1498e+00  3.5033e+00  4.1304e+00  1.2420e+00
  7.4155e+00 -1.1729e+00 -2.4814e+00  2.0191e+00  1.1369e+00 -1.6035e+00
  9.3795e-01 -8.9674e-01 -1.8454e+00 -3.4791e+00 -6.6447e-01 -1.5658e-01
 -1.3081e+00 -9.7358e-01  4.3760e+00 -3.6506e-03  1.0495e+00  1.0690e+00
  5.8845e+00  1.6330e-01 -2.5457e+00  2.3470e+00  3.5211e+00  1.3689e+00
  1.4873e+00  4.8402e+00 -1.5806e+00 -8.8671e-01  2.5055e+00  9.0878e-01
  3.7302e+00 -3.3610e+00  2.6179e+00  1.7707e+00  3.4800e+00  2.9455e+00
  2.5618e+00  3.3425e+00  4.1044e+00  5.9945e+00  6.5948e+00  2.1534e+00
  4.9783e+00  5.0076e+00  1.1526e+00 -1.3894e+00  5.9406e-01  4.5779e+00
  1.2262e+00  1.5136e+00  6.4603e+00  4.2736e+00  3.5698e-01 -4.7121e-01
  3.1851e+00  2.4102e+00  1.4252e+00  4.6939e+00 -6.3161e-02  1.5989e+00
 -7.2231e-02  2.9044e+00  4.1669e+00  5.5791e+00  3.7298e+00  4.9675e+00
  6.4657e+00  5.4125e+00  4.8251e+00 -1.9055e+00  4.8403e+00  5.9612e+00
  4.6751e+00  5.2199e+00  7.7331e+00  4.3658e+00  4.3049e+00  1.7694e+00
  5.4897e+00  5.0916e+00  6.3325e+00  3.8684e+00  6.0982e+00  5.7080e+00
  5.6893e+00  3.3142e+00  5.0590e+00  3.3142e+00  2.9658e+00  2.3837e+00
  5.4893e+00  4.7705e+00  6.5134e+00  5.4832e+00  3.7784e+00  1.0009e+01
  6.4892e+00  1.0187e+01  7.3185e+00  1.1737e+00 -2.1004e+00 -2.6463e+00
 -5.9437e-01 -2.5845e+00  1.8958e+00  5.9292e+00  1.6130e+00  1.8324e+00
  6.4211e+00]
